236

Κ r i 17 z
ΙΙΙ 34
35
36
37
38
39
40
41
42
(33)
(32)
(53)
(52)
(50)
(49)
(51)
43
44
45
46
(IV 21)
47
48
(31)
(65)
49
50
51
52
53
54
55
56
57
58
59
(88)
60
61
62
63
64 ἶ
65
66
67
68
(81)
(84)
(85)
69
70
71
72
73
74
75

Diebsoh

III 30
31
33

32-

34
37
38
36
35
39
40
41
42
43
44
45
46
47
48
49
50
51
52
53
54
(44)
(43)
(45)
(42)
(41)
(8)
(9)
(ιο)
(i 18)
(i 19)
55
56
57
58
59

60

(54)
(i 2ο)
(i 21)
(i 22)

61

62

63

64
(i 23)
(i 24)
(i 25)
(i 2⁷)
(i 26)

65

Maur.
III 12
56

53
dub. 4
1V 8
III 59
60

33

58

61

69

66

64

62

63

65

70

71

77

73

68

76

74

1

3

63

62

65

64

66

49

79

80
104
105

2

8

10

11

13

14

3

16

93
101
48

17

47
100

I 70
IV 6
V 2
17

I 14
III 94

Index 1.

K ri tz
HI 76
77
78
79
80
81
82
83
84
85
86
87
88
89
90
91
92
93
94
95
96
97
98
99

Dietsch
ΙΠ 66
67
68
69
70
(1 15)
(111 61)
(11 36)
(111 62)
(63)
71
72
(56)
73
(1)
¹74
75
76
77
(IV 6)
78
79
80
81

Maur.
111 97

96. 98
84
99
106
Ι 20
ΠΙ 48
Π 26
m 17
47
25
40
8
95

46 ,

24
107
108
52
IV 58
m 109
31
32
110

IV 1-21 1v 42—62 vadum

22
23
24
25
26
27
(111 95)
28
29
30
31
(63)
32-39
40
41
42
43
44
45
46
47
48
49
32
33
34
35
36
37

1

2
3

(i 28)

,8θῦΦῆΦῦἱρ

11
17—24 ²
12
13
15
16
14
(i 29)
(tv 38)
(39)
(40)
(41)
17
18
19
20
21
22

ΠΙ 102
103
IV 20
II 46
IV 11
22
58
33
30
31
32
53

vd. infra
37
38
40
5
39
41
18
19
ΙΠ 9
W 3
24
23
25
26
27
,28

