- ,ω’

 

17
18
19
v 20
- 68
64
65

-,·,67

68
69

, ,71
72
73
74

75

   

   

Dieizsch
IV 23
- 24

25
26
27
(85)
(37)
28
29
33
30
. 31
(25)
32
(86)
(2¹1)
.35
36
37
34
38-41
42
43
44
45
46
47
48
49
(V 6)
50
51
’52
53
54
55
56
57
58
59
60
61
62
(11)
*63
64
65
66
67
(48)

68

69
70
71
72

Maur.
ΠΙ 55
IV 29
43
46
55
1
17
49
ΙΠ 89
IV 48
45
42
⁸ 43
47
46
55
1
81
17
51
vd. supra
13
15
76
10
m 18
IV 12
57
56
70
ΠΙ 57
IV 59
77
78
61
14
63
66
64
65
72
69
74
53
21
79
36
82
83
15

11150*

IV 50
44
73
68

66-68
70--74

1725

Dietsch
”14³2

V 1
2
(i 30)
3
(i 31)

12

14
15
16
17
18
19

20-22
23-27

28
29
30
31
32
33
34
35
36
37
38

IV71
V14

Ι 3

Π 32
1 28
II 55
1123
85
ΙΠ 15
inc. 17
1128
Π 22
40 ·
36
ΠΙ 21
Π 38
57
ΠΙ 75
104
105

} v. supra

H 46
IV 41
V 7
4
19
23

cf. p. 211
I 99
Π 35
ΠΙ 43
Ι 30

