234 Index I.

Kritz Dietseh Maur. Krissz Dietsch Maur.

Ι 64 I 65 Ι 104 (Ι 102) Ι 111 Ι 187
65 66 105 (106) 112 15
66 . 67 107 (108) 113 152
67 (i 7) 85 (113) 114 150
68 68 108 (114) 115 29
69 71 135 I 119 116 151
70 70 110 120 117 153
71 69 111 121 (64) dub. 6
72 72 122

(11 20) 73 125 Π 1 ΙΙ 1 Π 1
73 74 126 2 2. 10
74 75 113 3} 2 3
75 76 ΙΙΙ 44 4 of. p. 60
76 77 Ι 124 5· 3 “ 7
77 78 ’ 127 6 4
78 (i 8) III 15 7 5 6
79 79 Ι 129 8}

80 80 ΙΙ 81 9 (i 122) 4
81 81 Ι 133 10 9
82 82 134 11} ⁶ 8
83 83 141 ’ 12 7 12
84 84 46 13 8 11
85 85 33 14 9 109
86 86 112 15 10 Ι 83
87 87 106 16 (i 11) Π 22
88 88 136 17 11 19
89 (53) 62 (62) 12 21
90 (40) 54 18 13 91
91 89 138 19 14 · 0192
92 90 59 20 (1 73) I 125
93 91 71 21 17 Π 59
94 92 , 116 22 15 29
95 93 145 23 16 31
96 94 45 24 18 54
97 95 121 , 25 19 67
98 96 139 26 20 68
99 97 142 27 21 ,64

100 98 140 28 22 65

101 99 118 29 23 70

102 (111) 137 30 24 ῙΠ 45

103 100 78 31 25 Π 20

104 101 40 32 26 5

105 102 143 33 27 66

106 (112) 15 3·4 28 94

107 103 41 35 29 95

108 (113) 152 36 30 15

109 (i 9) inc. 17 37 (73) 34

110 104 Ι 146 38 31 84

111 105 147 39 (i 10) I 128

112 106 148 40 32 130

113 (114) 150 41 33 H 80

114 (115) 29 42 (i 12) 40

115 107 80 43 ’ (ἰ 13) 36

116 108 97 44 34 27

117 109 ’ 81 45 35 25

118 110 117 (111 83) 36 26

