INDICES.

L

Tabula fragmentorum.

'¹ ἶ '² ’ editio ac Dietschiana. oum hace ita conferuntur, uf, ussriusque
fragmentorum numeri iusto fere ordino sese excipiant.

 

f Dietsch Maur. Kritz Diebsch Maur.
I 1 Ι 1 I 36 I 31 Ι 49
’ 2 37 32 50
a} 4 38 33 18

4 2 —- 34 οι. p. 212
(i 1) 3 39 35 51
. 5 6 (19) 36 23
6 8 40 37 60
7 7 41 (1 5) H 55
. 8 42 38 Ι 52
· 9 ¹¹ 43 (16) 123
«10 12 44 39 53
“ , 12 16 (90) 40 54
,13 13 45 ·, 41 55
¹ 11 1⁷ (1 σε) 42 64
. 14 19 , 46 43 63
4 15 20 · 47 44 66
(1 2) 21 48 45 69
1⁷ 22 49. 46 65
16 67 50 47 75
(36) 23 51 48 77
18 32 52 50 79
19 24 53 49 68
20 26 54 51 82
21 144 55 52 86
(1 ³) H 32 , (89) . 53 62
(i 4) I 28 “ . 56 54 84
22 47 57 55 88
. 23 34 58 56 89
(5⁷) 91 Ι (28) 57 91
24 35 (i 61) 58 92
25 37 - . 59 59 98
26 36 60 60 98

28 38 61 61 100, 102
27 42 62 62 101
29 58 “ “ 63 63 dub. 3

30 44 (121) 64 dub. 6

