, ..f
' Index Ι. 235
, „gi- · w» niet-sch Maur. Kritz Dietsch Maur.
εξ, ¹2 «Π 87 IV 54 (ι sa) - 11 88 Π 51
ν-ἑ· , 88 11 42 Π 87 89 111
[χῇ -’- 4⁷ Δ39 43 88 (7ο) 69
ἰω 48 (ει) 96 89 - 90 48
&⁸³69 ⁴ 40 ⁴ 45 90 (84)· .. 114
· 211⁸}ss 41 47 91 (τι) 18
5828 81 49 49 92 91 83
5:³3³& 88 · 43 28 93 92 74
” 3⁴3 88 44 73 94 (72) 97
v Ἢ 54 45 75 95 (74) 112
ι- 13 5 55 46 - 76 96 93 53
ff< x* 58 47 77 97 94 14
¹ 48 71 98 (τε) 60
49 78 99 95 33
51 96 100 (75) 108
52 IV 67 101 (78) 113
53 H 106 102 (77) Ι 149
50 IV 4
(12) H 21 ΠΙ 1 ’ Π 96 II 98
54 89 (9ο) ΠΙ 1 HI 46
55 102 2 2 82
56 90 3 4 83
57 99 4 3 81
58 ΙΠ 23 5 5 85
59 Π 103 6 7 88
60 104 7 6 87 .
61 105 (54) 8 49
,62 100 (55) 9 79
63 101 (55) 10 80
64 61 8 11 IV 2
65 110 9 12 Π 79
66 Ι 25 10 13 ΠΙ 91
(79) Π 44 11 14 20
67 88 12 (i 14) 21
68 107 13 (i 15) H 38
69 41 14 15 , ῙΠ 27
70 69 15 17 26
⁴ 71 18 16 16 29
72 97 17 18 28
73 34 18 (i 16) Π 57
74 112 19 (i 17) ΙΠ 75
75 108 20 19 37
’76 60 21 20 30
77 I 149 22 21 35
78 Π 113 23 22 36
79 44 24 23 34
80 85 25 24 54
81 39 (99) 25 Ι 43
82 , 13 26 26 IV 16
83 56 27 28 ΙΠ 39
84 114 ’ 28 27 38
(88) 107 29 (11 25) 1 48
, 85 “ ’82 30 29 111 42
’ (69) 41 31 (58) 1

» 86 17 32 (40) 69
87 - 37 · 33 (99) ³ 61

 

